<?xml version="1.0"?>
<opencv_storage>
<calibration_time>"mån  3 apr 2023 08:58:22"</calibration_time>
<image_width>1920</image_width>
<image_height>1080</image_height>
<flags>0</flags>
<camera_matrix type_id="opencv-matrix">
  <rows>3</rows>
  <cols>3</cols>
  <dt>d</dt>
  <data>
    1.4280073535172405e+03 0. 9.9737052159606242e+02 0.
    1.4391641357789597e+03 5.2090251894595190e+02 0. 0. 1.</data></camera_matrix>
<distortion_coefficients type_id="opencv-matrix">
  <rows>1</rows>
  <cols>5</cols>
  <dt>d</dt>
  <data>
    4.5473395204714342e-02 -1.4359795636771824e-01
    -6.9525748267757932e-03 3.8101066388521428e-03
    9.3052852082408474e-02</data></distortion_coefficients>
<avg_reprojection_error>2.9638316996271036e-01</avg_reprojection_error>
</opencv_storage>
