%YAML:1.0
---
calibration_time: "mån  6 maj 2019 11:46:34"
image_width: 1920
image_height: 1080
flags: 0
camera_matrix: !!opencv-matrix
   rows: 3
   cols: 3
   dt: d
   data: [ 1.7156873009518918e+03, 0., 4.7518932647307105e+02, 0.,
       1.4450886412885004e+03, 4.3707221513093475e+02, 0., 0., 1. ]
distortion_coefficients: !!opencv-matrix
   rows: 1
   cols: 5
   dt: d
   data: [ -4.1432688002241053e-01, 6.1694317434157553e-01,
       -8.1796779892197979e-03, -6.0741698335282091e-02,
       -2.6349777373977445e-01 ]
avg_reprojection_error: 1.9845932051542189e+01
